Year,Opioid Overdose Deaths,Other Drug Overdose Deaths,All Drug Overdose Deaths
1999,352,645,997
2000,511,648,1159
2001,801,945,1746
2002,900,1027,1927
2003,1004,1050,2054
2004,1146,1118,2264
2005,1049,1322,2371
2006,1179,1412,2591
2007,1394,1400,2794
2008,1408,1555,2963
2009,1545,1547,3092
2010,1637,1424,3061
2011,1544,1374,2918
2012,1298,1299,2597
2013,1240,1234,2474
2014,1385,1249,2634
2015,1796,1432,3228
2016,2735,1993,4728
